011111111
000000001
000000011
000000101
000000111
101000000
000001001
101000100
100110000
000001011
000001101
101001100
010011010
100010001
101001000
001111011
101011100
100001001
101000100
001111101
000011101
001110000
001111101
000011111
010010010
100000001
101000000
100001001
101000100
001111011
101011100
001111101
001110001
000001111
101000000
100111000
000001101
101001000
010010010
100011001
101001100
001111011
101011100
100001001
101000100
001110011
100100000
010000010
000001001
101000100
100111000
000010001
101000000
001011101
011000110
101001000
001000100
101000000
011000100
101001000
001000100
101000000
011000010
101001000
001000100
101000000
000010011
101000000
000010101
101011000
000010111
101011000
001100010
000011001
101001000
010010010
100011001
101001100
100001001
101000100
001110101
100100000
010000010
001111001
